structure(c(1, 0.214491600713366, 0.436914154892446, 0.192034490542055, 
0.0980633885172907, 0.196015908068231, 0.483719845533331, 0.553468186071444, 
0.538731163031342, 0.241289675127171, 0.50257365637403, 0.320642194417726, 
0.179021680605814, 0.234600424761952, 0.559701659681223, 0.489959280629168, 
0.16307991829163, 0.428484612489259, 0.225096122669334, 0.288240127189722, 
0.118816969159099, 0.447045225444483, 0.340507934443397, 0.482300203274698, 
0.474494090017565, 0.168752441857463, 0.334487267256647, 0.401436827436047, 
0.41979243165891, 0.496288537735242, 0.535987667345047, 0.249361116887189, 
0.233063913715814, 0.386657785450206, 0.285981637589596, 0.30558428808732, 
0.184198795340438, 0.0806006557540827, 0.0523511604152038, 0.45099502830078, 
0.559672448267358, 0.479434225106502, 0.323997769592176, 0.472533495533793, 
0.334956117727422, 0.296624881646148, 0.277950333636399, 0.525379349144548, 
0.390700365330276, 0.197677323278658, 0.453304619156297, 0.327123397200779, 
0.457452929719411, 0.0449601914160957, 0.376422906923939, 0.376145231613046, 
0.354973443729051, 0.441349323849211, 0.242334385451579, 0.363011459604755, 
0.432833601200349, 0.420828922789141, 0.418528256570311, 0.502904235167629, 
0.137882890272681, 0.359308521305527, 0.0214591054898143, 0.214491600713366, 
1, 0.192180536982724, 0.0283598894771158, 0.294232851809114, 
0.376969297967124, 0.453782631594554, 0.246866309200521, 0.442490918374521, 
0.320370178916264, 0.334513105978069, 0.510556100413638, 0.134147631133457, 
0.469121578816938, 0.318930043887923, 0.380259745920418, 0.272624895620942, 
0.322354472036451, 0.235849572273498, 0.330257389815799, -0.0699333691781874, 
0.13982443752737, 0.611829409319887, 0.272548666915847, 0.31541927092314, 
0.500750766827162, 0.29305945856479, 0.457302705806987, 0.202268491162256, 
0.432560300702545, 0.191665897140268, 0.303656833744212, 0.104002137978279, 
0.27454088022546, 0.551623027203778, 0.249742836149905, 0.108853794633882, 
0.130135951860578, 0.199907606905305, 0.414375239553959, 0.340599100494661, 
0.374139716192943, 0.316086163034929, 0.357038804860289, 0.437907635131998, 
0.168459094373649, 0.37111912562698, 0.418477524353416, 0.338493800351362, 
0.278656326052536, 0.341174250435033, 0.386071598099435, 0.319040525727021, 
-0.182311838422456, 0.111786973842092, 0.540986073907438, 0.312174899941325, 
0.327880445233448, 0.361940386242808, 0.301317285887606, 0.401020509450085, 
0.230726129045569, 0.397340534517624, 0.342000822473134, 0.277971443134367, 
0.149720776908617, -0.271663834091426, 0.436914154892446, 0.192180536982724, 
1, 0.345986384524712, -0.0209943818634201, 0.314986896369408, 
0.370531192050274, 0.529745993846265, 0.361965154323986, 0.193738546825909, 
0.4322856489457, 0.445875285080678, 0.26560278896623, 0.316610053365546, 
0.443952250540726, 0.484308724612103, 0.0934759784770862, 0.594889462693753, 
0.386154374288696, 0.550176758151337, 0.2327931488116, 0.561502040957444, 
0.232861269809263, 0.71644308185608, 0.553820133596652, 0.324083312120222, 
0.656815527489407, 0.653936395579797, 0.59932860249944, 0.405053389238978, 
0.572534320664144, 0.0822146579397191, 0.293276580730054, 0.337008415949155, 
0.257091659595286, 0.615942101931731, 0.233570322179215, -0.0782184672668975, 
0.386564295169094, 0.337329534169988, 0.56468571774028, 0.409883874421797, 
0.246790773178979, 0.467350399838775, 0.330974315940044, 0.363542459867879, 
0.332964250198621, 0.397775350024817, 0.487776186464146, 0.111955669186449, 
0.461997785242045, 0.30113312945253, 0.412409987877862, 0.0930709704179921, 
0.465567348710456, 0.246022837515685, 0.539456209941397, 0.485181464505125, 
0.221856516969953, 0.566633874404593, 0.646197930148517, 0.551903910757907, 
0.369276601374908, 0.502472137439943, 0.0323280638572179, 0.304974061480973, 
-0.23050145000103, 0.192034490542055, 0.0283598894771158, 0.345986384524712, 
1, -0.0620773912270536, 0.0722344713097989, 0.223282726904433, 
0.429660174702598, 0.0873154614099908, 0.0564403887573184, 0.423374832214232, 
0.10378242986617, 0.443526767036467, 0.159335691330848, 0.150644046258005, 
0.224871816426986, 0.181459030037169, 0.350824198140325, 0.143853338953858, 
0.252720824239021, 0.557679625299418, 0.379365281045844, 0.0748818274831339, 
0.29082283196474, 0.442666145748492, 0.121250249790037, 0.313102828034722, 
0.184395915682436, 0.526499155494603, 0.227281413446098, 0.383279480172969, 
-0.0442978067726238, 0.246372723827995, 0.23042855007572, 0.0266673233294449, 
0.174168815471802, 0.615712137373678, -0.0386428225504943, 0.11160784224868, 
0.263338446077778, 0.363220746271113, 0.164870602978469, 0.176202030512921, 
0.413247184373373, 0.0150349694719308, 0.414513585066566, 0.03104088032909, 
0.149350732377026, 0.182357178475951, 0.0770625398248104, 0.110209661277273, 
-0.0720822469381889, 0.0351391191340225, 0.464933220603382, 0.318241914736757, 
0.0861164067796668, 0.145892817795986, 0.420015004505499, 0.00218575066719558, 
0.250915403801334, 0.244381421789472, 0.490307092976924, 0.0977869349381623, 
0.24504922377403, -0.0374185112406216, 0.207640885718946, 0.275970889624954, 
0.0980633885172907, 0.294232851809114, -0.0209943818634201, -0.0620773912270536, 
1, 0.0875089041804518, 0.372538332959831, 0.102967457814468, 
0.277938093140648, 0.0134727021971924, 0.201891658021914, 0.175084466040002, 
-0.0261573137107504, 0.172344450881654, 0.151854525091202, 0.140430242529939, 
0.279454344012725, 0.0667071644593886, -0.144301201623366, -0.0275920892004349, 
-0.147161250491776, 0.0182402185897973, 0.20598243685757, 0.0629499012934311, 
0.062666419597972, 0.234284183110215, -0.0583482738052456, 0.0469568088230885, 
0.0145693351638352, 0.155684013870433, 0.058822957924153, 0.356970821240813, 
-0.00659012254102311, 0.00490278386236665, 0.121723791537397, 
0.0787122591247557, 0.0160700038460857, 0.420341974760019, 0.0740502276088627, 
0.186609815609332, 0.0718243449154522, 0.24516792899645, 0.104585418517565, 
0.173802699941935, 0.178674632165765, 0.0463288778849447, 0.101684523948156, 
0.087645441483686, 0.0800354297326767, 0.169705384225728, 0.102236282455119, 
0.145514201141024, 0.152261603988313, -0.125212277247641, -0.0614616488074238, 
0.181857205680137, 0.133716933600985, 0.0240695265447757, 0.190350844995417, 
-0.057975173082601, 0.0536551653125996, 0.0302263606280146, 0.244503860926067, 
0.061798125443203, 0.287068418367977, 0.171766677291289, -0.0887642574009093, 
0.196015908068231, 0.376969297967124, 0.314986896369408, 0.0722344713097989, 
0.0875089041804518, 1, 0.302536160201732, 0.319053535558461, 
0.310724738897934, 0.249700227527519, 0.251870758519923, 0.447347884855961, 
0.0215970399192041, 0.497255926136246, 0.276958626573166, 0.294610848818899, 
0.152795045782268, 0.373439260449718, 0.319609880935352, 0.383473447713053, 
-0.184512044111592, 0.207715122978245, 0.277237476783686, 0.343667318034748, 
0.252478917748643, 0.364013899943383, 0.406533694412589, 0.489648758224268, 
0.179344062210353, 0.328107391379581, 0.254374112810196, 0.138102957507262, 
0.0419583556779222, 0.26117055445757, 0.281211178291657, 0.448540084401511, 
0.0879582931982213, 0.00376199938164009, 0.329442024953737, 0.223933844691975, 
0.316782695610746, 0.265845283771055, 0.260011031617186, 0.268210866558823, 
0.422233048481297, 0.184996951046272, 0.393992228560685, 0.35256853709807, 
0.204112491612553, 0.0521546563797502, 0.442680527026396, 0.292322583184004, 
0.417848970322028, -0.230549944862112, 0.234965023509619, 0.250904472344108, 
0.360006831109741, 0.249538428984652, 0.280804038336161, 0.339092828336776, 
0.436781480842552, 0.246942364075881, 0.313964078355916, 0.346705689909692, 
0.0763765417212345, 0.0772696644162221, -1.04247038144018, 0.483719845533331, 
0.453782631594554, 0.370531192050274, 0.223282726904433, 0.372538332959831, 
0.302536160201732, 1, 0.647044957203134, 0.699971696943394, 0.290952865700339, 
0.69191897813357, 0.594749168064305, 0.322742993855999, 0.485108028873195, 
